Option,I was discouraged from pursuing medical school by family members,Not I was discouraged from pursuing medical school by family members
Resume and cover letter assistance,1,271
Not Resume and cover letter assistance,3,746
